epi     R       len     high
10      -173    114     -146
20      -181    306     38
30      -140    375     75
40      71      500     71
50      112     486     131
60      115     500     115
70      154     500     154
80      106     379     253
90      212     389     265
100     278     331     294
110     209     362     278
120     234     423     277
130     181     453     268
140     263     437     263
150     110     362     283
160     13      308     308
170     156     362     278
180     275     326     275
190     270     431     286
200     33      307     286
210     176     368     308
220     76      405     265
230     -145    241     250
240     175     387     283
250     270     420     275
260     288     340     308
270     115     366     281
280     291     314     291
290     270     358     284
300     271     390     290
310     -61     236     287
320     102     288     287
330     59      348     286
340     -172    167     283
350     185     182     185
360     260     218     296
370     148     376     309
380     111     433     273
390     299     299     299
400     158     294     296
410     272     365     313
420     -71     114     263
430     -1      336     254
440     42      341     283
450     291     350     291
460     273     327     307
470     66      178     255
480     245     230     297
490     242     312     291
500     28      290     290
510     26      251     294
520     39      221     270
530     254     303     269
540     -41     89      45
550     68      175     89
560     33      317     295
Finished. 566
epi     len     R
0       268     282
100     294     301
200     261     252
300     395     225
400     333     230
500     279     278
600     297     261
700     299     272
800     272     279
900     281     293
avr_R  : 265.0
avr_len: 301